Voltage_01 Voltage_02 Acc_x Acc_y Acc_z Gyro_x Gyro_y Gyro_z Time
1000
-0.00 0.03 0.43 -0.98 9.77 -0.01 0.04 -0.05 23
-0.00 0.02 0.40 -0.99 9.72 -0.01 0.04 -0.05 29
-0.00 0.02 0.40 -0.97 9.80 -0.01 0.04 -0.05 35
-0.00 0.02 0.46 -0.97 9.79 -0.01 0.05 -0.05 41
-0.00 0.02 0.43 -0.99 9.72 -0.01 0.04 -0.05 48
-0.00 0.02 0.42 -1.01 9.80 -0.01 0.04 -0.06 54
0.02 0.03 0.44 -1.00 9.77 -0.00 0.04 -0.06 60
-0.00 0.02 0.45 -0.97 9.79 -0.01 0.04 -0.05 67
-0.00 0.02 0.41 -0.97 9.79 -0.00 0.04 -0.06 73
-0.00 0.02 0.43 -0.99 9.81 -0.00 0.04 -0.05 79
-0.00 0.02 0.43 -0.98 9.80 -0.00 0.04 -0.06 86
-0.00 0.03 0.46 -0.97 9.79 -0.01 0.04 -0.06 92
-0.00 0.03 0.45 -0.97 9.75 -0.01 0.04 -0.05 98
0.02 0.02 0.41 -1.01 9.75 -0.00 0.04 -0.05 104
-0.00 0.02 0.43 -1.02 9.78 -0.01 0.04 -0.05 111
-0.00 0.02 0.44 -0.98 9.79 -0.01 0.04 -0.05 118
-0.00 0.01 0.43 -0.97 9.82 -0.00 0.04 -0.06 125
-0.00 0.02 0.45 -1.00 9.77 -0.00 0.04 -0.05 133
-0.00 0.03 0.46 -1.02 9.79 -0.00 0.04 -0.06 140
-0.00 0.02 0.42 -1.02 9.81 -0.01 0.04 -0.05 147
-0.00 0.02 0.45 -0.95 9.80 -0.01 0.04 -0.05 154
-0.00 0.01 0.43 -1.00 9.80 -0.01 0.04 -0.06 161
-0.00 0.02 0.44 -1.02 9.79 -0.01 0.04 -0.05 168
-0.00 0.03 0.44 -0.97 9.81 -0.01 0.04 -0.05 176
-0.00 0.04 0.40 -0.99 9.78 -0.01 0.04 -0.06 183
-0.00 0.02 0.42 -0.99 9.81 -0.01 0.04 -0.06 190
-0.00 0.02 0.45 -0.98 9.77 -0.00 0.04 -0.06 197
-0.00 0.01 0.40 -0.98 9.78 -0.01 0.04 -0.06 204
-0.00 0.02 0.42 -1.00 9.78 -0.00 0.04 -0.05 211
-0.00 0.02 0.43 -0.99 9.79 -0.00 0.04 -0.06 219
-0.00 0.03 0.47 -0.99 9.77 -0.00 0.04 -0.05 226
-0.00 0.03 0.41 -0.99 9.77 -0.01 0.04 -0.06 233
-0.00 0.02 0.44 -0.98 9.80 -0.00 0.04 -0.06 240
-0.00 0.01 0.43 -1.02 9.78 -0.00 0.04 -0.05 247
-0.00 0.02 0.44 -0.98 9.75 -0.01 0.04 -0.06 254
-0.00 0.02 0.48 -1.01 9.79 -0.01 0.04 -0.06 262
0.00 0.03 0.41 -0.98 9.78 -0.00 0.04 -0.05 269
-0.00 0.03 0.46 -1.01 9.81 -0.01 0.04 -0.06 276
-0.00 0.02 0.46 -0.98 9.81 -0.01 0.04 -0.05 283
-0.00 0.01 0.43 -0.98 9.76 -0.01 0.04 -0.05 290
-0.00 0.02 0.41 -0.99 9.79 -0.01 0.04 -0.05 297
-0.00 0.03 0.48 -0.98 9.72 -0.01 0.04 -0.06 305
-0.00 0.02 0.42 -0.98 9.79 -0.01 0.04 -0.05 312
-0.00 0.03 0.43 -0.99 9.76 -0.00 0.04 -0.06 319
-0.00 0.02 0.41 -1.00 9.77 -0.01 0.04 -0.06 326
-0.00 0.02 0.43 -0.97 9.79 -0.01 0.04 -0.05 333
-0.00 0.02 0.45 -0.97 9.75 -0.01 0.04 -0.05 340
-0.00 0.03 0.46 -0.97 9.79 -0.00 0.04 -0.05 348
-0.00 0.03 0.45 -0.98 9.81 -0.01 0.04 -0.05 355
-0.00 0.03 0.43 -0.99 9.78 -0.01 0.04 -0.06 362
-0.00 0.02 0.43 -0.98 9.76 -0.01 0.04 -0.05 369
-0.00 0.02 0.44 -0.97 9.76 -0.01 0.04 -0.05 376
-0.00 0.02 0.40 -0.98 9.80 -0.01 0.04 -0.05 384
-0.00 0.03 0.42 -0.98 9.78 -0.01 0.05 -0.05 391
-0.00 0.02 0.45 -1.00 9.78 -0.01 0.04 -0.06 398
-0.00 0.02 0.44 -0.98 9.81 -0.01 0.04 -0.06 405
-0.00 0.01 0.44 -0.97 9.81 -0.00 0.04 -0.05 412
-0.00 0.02 0.44 -0.98 9.79 -0.01 0.04 -0.05 419
-0.00 0.02 0.42 -1.02 9.81 -0.00 0.04 -0.05 427
-0.00 0.03 0.39 -1.00 9.80 -0.01 0.04 -0.05 434
-0.00 0.02 0.42 -0.97 9.80 -0.00 0.04 -0.06 441
-0.00 0.02 0.46 -1.01 9.81 -0.01 0.04 -0.05 448
-0.00 0.01 0.46 -0.97 9.81 -0.01 0.04 -0.05 455
-0.00 0.02 0.44 -0.98 9.78 -0.01 0.04 -0.05 462
-0.00 0.03 0.45 -1.01 9.81 -0.01 0.04 -0.05 470
-0.00 0.02 0.46 -0.97 9.78 -0.01 0.04 -0.06 477
-0.00 0.02 0.44 -0.97 9.79 -0.00 0.04 -0.06 484
-0.00 0.03 0.42 -1.00 9.78 -0.01 0.04 -0.05 491
-0.00 0.02 0.43 -0.97 9.78 -0.01 0.04 -0.06 498
-0.00 0.02 0.44 -1.02 9.76 -0.01 0.04 -0.05 505
-0.00 0.03 0.44 -1.01 9.76 -0.01 0.04 -0.05 513
0.00 0.03 0.45 -0.96 9.78 -0.01 0.04 -0.06 520
-0.00 0.02 0.46 -1.00 9.80 -0.01 0.04 -0.06 527
-0.00 0.02 0.44 -0.95 9.77 -0.00 0.04 -0.06 534
-0.00 0.02 0.45 -0.98 9.79 -0.01 0.04 -0.05 541
-0.00 0.03 0.44 -1.00 9.80 -0.00 0.04 -0.06 548
0.00 0.03 0.42 -0.99 9.75 -0.00 0.04 -0.05 556
0.01 0.02 0.46 -0.97 9.77 -0.01 0.04 -0.05 563
0.01 0.02 0.45 -1.00 9.77 -0.01 0.04 -0.05 570
0.01 0.01 0.43 -0.94 9.76 -0.01 0.04 -0.06 577
0.01 0.02 0.40 -0.99 9.82 -0.01 0.04 -0.05 584
0.01 0.02 0.44 -0.99 9.80 -0.01 0.04 -0.05 591
0.02 0.03 0.46 -0.99 9.82 -0.01 0.05 -0.06 599
0.03 0.02 0.43 -0.99 9.76 -0.00 0.04 -0.06 606
0.02 0.03 0.42 -1.01 9.76 -0.01 0.04 -0.05 613
0.02 0.01 0.41 -0.96 9.82 -0.01 0.04 -0.05 620
0.01 0.02 0.44 -0.99 10.41 -0.01 0.04 -0.06 627
0.02 0.03 0.42 -1.04 9.77 -0.01 0.04 -0.05 634
0.03 0.03 0.45 -1.01 9.76 -0.01 0.04 -0.06 642
0.03 0.03 0.46 -0.96 9.79 -0.01 0.04 -0.05 649
0.02 0.03 0.41 -0.96 9.76 -0.01 0.04 -0.05 656
0.02 0.02 0.45 -1.00 9.78 -0.00 0.04 -0.06 663
0.02 0.03 0.41 -0.96 9.78 -0.01 0.04 -0.05 670
0.02 0.03 0.45 -1.02 9.80 -0.00 0.04 -0.06 677
0.04 0.03 0.43 -0.99 9.78 -0.01 0.04 -0.06 685
0.02 0.02 0.44 -0.98 9.78 -0.01 0.04 -0.06 692
0.02 0.02 0.44 -1.01 9.77 -0.01 0.04 -0.05 699
0.01 0.02 0.46 -0.97 9.81 -0.00 0.05 -0.06 706
0.02 0.02 0.46 -0.99 9.76 -0.01 0.04 -0.06 713
0.02 0.04 0.44 -0.99 9.78 -0.01 0.04 -0.05 720
0.03 0.02 0.43 -0.99 9.80 -0.01 0.04 -0.05 728
0.02 0.02 0.43 -0.99 9.80 -0.01 0.04 -0.05 735
0.02 0.01 0.44 -1.00 9.81 -0.00 0.04 -0.06 742
0.01 0.02 0.42 -0.98 9.74 -0.00 0.04 -0.05 749
0.02 0.02 0.46 -0.96 9.80 -0.00 0.04 -0.06 756
0.02 0.03 0.44 -0.97 9.80 -0.00 0.04 -0.06 763
0.03 0.03 0.44 -0.97 9.81 -0.00 0.04 -0.05 771
0.02 0.02 0.41 -0.96 9.75 -0.00 0.04 -0.05 778
0.02 0.01 0.43 -0.99 9.79 -0.01 0.04 -0.06 785
0.01 0.02 0.44 -0.99 9.77 -0.00 0.05 -0.05 792
0.02 0.02 0.41 -1.02 9.81 -0.01 0.04 -0.06 799
0.03 0.03 0.45 -0.98 9.79 -0.01 0.04 -0.05 806
0.02 0.02 0.42 -0.99 9.78 -0.00 0.04 -0.06 814
0.02 0.02 0.42 -0.97 9.79 -0.01 0.05 -0.06 821
0.02 0.01 0.44 -0.96 9.77 -0.00 0.04 -0.05 828
0.01 0.02 0.44 -0.97 9.77 -0.00 0.04 -0.06 835
0.02 0.03 0.48 -1.01 9.76 -0.00 0.04 -0.05 842
0.03 0.03 0.44 -0.98 9.80 -0.00 0.04 -0.06 849
0.02 0.02 0.44 -0.99 9.77 -0.00 0.04 -0.06 857
0.02 0.02 0.41 -0.98 9.77 -0.01 0.04 -0.06 864
0.02 0.02 0.44 -0.97 9.78 -0.01 0.04 -0.05 871
0.01 0.02 0.43 -0.95 9.81 -0.00 0.04 -0.06 878
0.01 0.03 0.46 -0.97 9.76 -0.01 0.04 -0.06 885
0.03 0.02 0.43 -0.97 9.78 -0.00 0.04 -0.05 892
0.02 0.02 0.42 -0.98 9.81 -0.01 0.04 -0.06 900
0.02 0.02 0.43 -0.99 9.78 -0.00 0.04 -0.06 907
0.01 0.01 0.44 -1.00 9.77 -0.01 0.04 -0.06 914
0.01 0.01 0.47 -0.99 9.80 -0.01 0.04 -0.05 921
0.02 0.03 0.43 -1.03 9.79 -0.01 0.04 -0.06 928
0.03 0.02 0.49 -1.00 9.76 -0.01 0.04 -0.06 935
0.02 0.02 0.43 -1.00 9.82 -0.00 0.04 -0.06 943
0.02 0.01 0.40 -0.97 9.79 -0.01 0.05 -0.06 950
0.01 0.01 0.43 -0.97 9.78 -0.01 0.04 -0.05 957
0.02 0.02 0.45 -0.98 9.77 -0.01 0.04 -0.05 964
0.02 0.02 0.41 -0.98 9.76 -0.01 0.04 -0.06 971
0.03 0.02 0.47 -0.97 9.79 -0.01 0.04 -0.06 978
0.01 0.01 0.44 -0.97 9.81 -0.01 0.04 -0.06 986
0.01 0.00 0.43 -0.98 9.77 -0.00 0.04 -0.06 993
0.00 0.01 0.49 -0.98 9.79 -0.01 0.04 -0.05 1000
-0.00 0.02 0.46 -1.01 9.78 -0.01 0.04 -0.06 1007
0.01 0.02 0.44 -1.02 9.78 -0.00 0.04 -0.05 1014
-0.00 0.01 0.47 -0.99 9.79 -0.00 0.04 -0.05 1021
-0.00 0.02 0.45 -0.97 9.75 -0.00 0.04 -0.05 1029
-0.00 0.01 0.43 -0.99 9.79 -0.00 0.04 -0.06 1036
-0.00 0.02 0.44 -0.99 9.79 -0.00 0.04 -0.06 1043
-0.00 0.02 0.45 -0.99 9.80 -0.00 0.04 -0.06 1050
-0.00 0.02 0.44 -1.01 9.78 -0.01 0.04 -0.06 1057
-0.00 0.01 0.45 -0.99 9.79 -0.00 0.04 -0.06 1064
-0.00 0.01 0.44 -0.99 9.77 -0.01 0.04 -0.06 1072
-0.00 0.01 0.44 -0.99 9.80 -0.01 0.04 -0.05 1079
-0.00 0.02 0.43 -0.99 9.79 -0.01 0.04 -0.05 1086
-0.00 0.02 0.44 -1.01 9.78 -0.01 0.04 -0.05 1093
0.01 0.02 0.41 -0.99 9.78 -0.01 0.04 -0.05 1100
-0.00 0.01 0.43 -1.04 9.77 -0.01 0.04 -0.05 1107
-0.00 0.02 0.45 -0.99 9.81 -0.00 0.04 -0.05 1115
-0.00 0.01 0.46 -1.01 9.81 -0.01 0.04 -0.06 1122
-0.00 0.01 0.45 -0.99 9.79 -0.01 0.04 -0.05 1129
-0.00 0.03 0.42 -0.98 9.77 -0.00 0.04 -0.05 1136
0.00 0.03 0.43 -0.99 9.79 -0.00 0.04 -0.06 1143
-0.00 0.01 0.45 -0.98 9.82 -0.01 0.04 -0.06 1150
-0.00 0.00 0.42 -1.02 9.74 -0.00 0.04 -0.05 1158
-0.00 0.01 0.43 -0.99 9.77 -0.01 0.04 -0.05 1165
-0.00 0.02 0.50 -1.00 9.79 -0.01 0.04 -0.05 1172
0.00 0.03 0.44 -1.00 9.78 -0.01 0.04 -0.05 1179
-0.00 0.02 0.40 -0.98 9.77 -0.01 0.04 -0.06 1186
-0.00 0.02 0.43 -0.95 9.79 -0.01 0.04 -0.06 1193
-0.00 0.01 0.43 -1.00 9.79 -0.01 0.04 -0.05 1201
-0.00 0.02 0.48 -0.98 9.78 -0.01 0.04 -0.05 1208
-0.00 0.02 0.40 -0.95 9.82 -0.00 0.04 -0.05 1215
0.01 0.03 0.46 -1.00 9.80 -0.01 0.04 -0.05 1222
0.00 0.02 0.44 -0.96 9.80 -0.01 0.04 -0.06 1229
-0.00 0.02 0.42 -1.01 9.77 -0.01 0.04 -0.05 1236
-0.00 0.01 0.44 -1.01 9.78 -0.00 0.04 -0.06 1244
-0.00 0.02 0.45 -0.98 9.79 -0.00 0.04 -0.05 1251
-0.00 0.03 0.41 -0.96 9.75 -0.01 0.04 -0.05 1258
-0.00 0.02 0.44 -0.98 9.80 -0.00 0.04 -0.05 1265
-0.00 0.02 0.47 -0.96 9.80 -0.01 0.04 -0.05 1272
-0.00 0.02 0.42 -0.98 9.80 -0.01 0.04 -0.06 1280
-0.00 0.01 0.44 -0.99 9.75 -0.00 0.04 -0.06 1287
-0.00 0.02 0.42 -1.00 9.79 -0.01 0.04 -0.05 1294
-0.00 0.03 0.47 -0.99 9.79 -0.01 0.04 -0.05 1301
0.01 0.02 0.42 -0.98 9.78 -0.01 0.04 -0.05 1308
-0.00 0.02 0.39 -0.99 9.76 -0.01 0.04 -0.05 1315
-0.00 0.02 0.45 -0.99 9.78 -0.00 0.04 -0.05 1323
-0.00 0.02 0.45 -0.97 9.79 -0.01 0.04 -0.06 1330
-0.00 0.02 0.43 -0.99 9.80 -0.00 0.04 -0.05 1337
-0.00 0.03 0.42 -0.99 9.80 -0.01 0.04 -0.06 1344
0.00 0.02 0.43 -0.99 9.80 -0.01 0.04 -0.05 1351
-0.00 0.02 0.41 -0.97 9.76 -0.01 0.04 -0.05 1358
-0.00 0.01 0.42 -0.98 9.77 -0.01 0.04 -0.05 1366
-0.00 0.02 0.44 -0.99 9.77 -0.01 0.04 -0.05 1373
-0.00 0.02 0.41 -1.00 9.79 -0.01 0.04 -0.05 1380
0.00 0.02 0.46 -0.98 9.80 -0.00 0.04 -0.05 1387
0.00 0.02 0.40 -0.97 9.74 -0.00 0.04 -0.05 1394
-0.00 0.02 0.44 -1.00 9.77 -0.01 0.04 -0.05 1401
-0.00 0.01 0.44 -0.99 9.78 -0.00 0.04 -0.06 1409
-0.00 0.02 0.44 -0.97 9.77 -0.00 0.04 -0.06 1416
-0.00 0.02 0.45 -1.00 9.80 -0.01 0.04 -0.05 1423
0.00 0.02 0.44 -1.00 9.79 -0.00 0.04 -0.05 1430
-0.00 0.02 0.43 -1.00 9.78 -0.01 0.04 -0.05 1437
-0.00 0.01 0.44 -0.99 9.80 -0.01 0.04 -0.05 1444
-0.00 0.01 0.46 -0.98 9.77 -0.01 0.04 -0.05 1452
-0.00 0.02 0.42 -1.00 9.78 -0.00 0.04 -0.05 1459
-0.00 0.03 0.45 -0.98 9.79 -0.01 0.04 -0.05 1466
-0.00 0.02 0.46 -0.99 9.78 -0.01 0.04 -0.05 1473
-0.00 0.02 0.44 -0.99 9.78 -0.01 0.04 -0.06 1480
-0.00 0.01 0.46 -0.98 9.77 -0.00 0.04 -0.05 1487
-0.00 0.01 0.45 -0.98 9.81 -0.01 0.04 -0.05 1495
-0.00 0.02 0.44 -1.02 9.79 -0.01 0.04 -0.05 1502
-0.00 0.03 0.42 -1.00 9.81 -0.00 0.04 -0.05 1509
-0.00 0.02 0.46 -0.98 9.80 -0.00 0.04 -0.06 1516
-0.00 0.02 0.48 -0.96 9.77 -0.00 0.04 -0.06 1523
-0.00 0.01 0.48 -0.98 9.76 -0.00 0.04 -0.06 1530
-0.00 0.02 0.42 -0.97 9.79 -0.00 0.04 -0.05 1538
-0.00 0.02 0.44 -0.97 9.81 -0.00 0.04 -0.05 1545
-0.00 0.03 0.49 -0.97 9.79 -0.01 0.04 -0.05 1552
-0.00 0.02 0.42 -0.98 9.80 -0.01 0.04 -0.05 1559
-0.00 0.02 0.43 -1.02 9.78 -0.01 0.04 -0.05 1566
-0.00 0.01 0.45 -0.99 9.80 -0.00 0.04 -0.05 1573
-0.00 0.02 0.42 -0.98 9.80 -0.00 0.04 -0.05 1581
-0.00 0.02 0.44 -1.00 9.80 -0.01 0.04 -0.05 1588
-0.00 0.03 0.40 -0.96 9.81 -0.01 0.04 -0.05 1595
-0.00 0.02 0.46 -1.00 9.79 -0.01 0.04 -0.05 1602
-0.00 0.02 0.42 -0.99 9.80 -0.01 0.04 -0.05 1609
-0.00 0.01 0.48 -0.99 9.79 -0.01 0.04 -0.06 1616
-0.00 0.01 0.41 -0.97 9.77 -0.01 0.04 -0.05 1624
-0.00 0.03 0.46 -1.00 9.77 -0.01 0.04 -0.06 1631
-0.00 0.02 0.45 -0.98 9.73 -0.01 0.04 -0.05 1638
-0.00 0.02 0.49 -0.99 9.80 -0.01 0.04 -0.05 1645
-0.00 0.02 0.44 -0.98 9.78 -0.01 0.04 -0.05 1652
-0.00 0.01 0.44 -1.00 9.80 -0.01 0.04 -0.05 1659
-0.00 0.02 0.43 -0.99 9.76 -0.00 0.04 -0.05 1667
-0.00 0.03 0.45 -0.97 9.77 -0.01 0.04 -0.06 1674
0.00 0.02 0.48 -0.99 9.78 -0.01 0.04 -0.05 1681
-0.00 0.01 0.46 -0.97 9.80 -0.01 0.04 -0.05 1688
-0.00 0.01 0.44 -1.01 9.79 -0.01 0.04 -0.05 1695
-0.00 0.02 0.45 -0.98 9.79 -0.00 0.04 -0.05 1702
-0.00 0.02 0.44 -1.01 9.79 -0.01 0.04 -0.06 1710
-0.00 0.04 0.46 -0.98 9.81 -0.00 0.04 -0.05 1717
-0.00 0.02 0.42 -1.01 9.80 -0.01 0.04 -0.05 1724
-0.00 0.02 0.47 -0.98 9.78 -0.01 0.04 -0.05 1731
-0.00 0.01 0.45 -1.01 9.76 -0.01 0.04 -0.05 1738
-0.00 0.02 0.46 -0.98 9.77 -0.01 0.04 -0.05 1745
-0.00 0.03 0.45 -0.99 9.80 -0.01 0.04 -0.05 1753
-0.00 0.03 0.44 -0.98 9.75 -0.01 0.04 -0.05 1760
-0.00 0.02 0.45 -1.01 9.81 -0.01 0.04 -0.05 1767
-0.00 0.01 0.45 -0.96 9.76 -0.01 0.04 -0.05 1774
-0.00 0.01 0.41 -1.02 9.77 -0.01 0.04 -0.05 1781
-0.00 0.02 0.42 -0.97 9.77 -0.00 0.04 -0.05 1788
-0.00 0.02 0.43 -0.99 9.79 -0.01 0.04 -0.05 1796
-0.00 0.03 0.42 -0.99 9.81 -0.00 0.04 -0.06 1803
-0.00 0.02 0.46 -1.01 9.79 -0.01 0.04 -0.06 1810
-0.00 0.02 0.45 -1.01 9.81 -0.01 0.04 -0.05 1817
-0.00 0.00 0.43 -0.98 9.78 -0.01 0.04 -0.05 1824
-0.00 0.02 0.43 -0.99 9.79 -0.00 0.04 -0.05 1831
-0.00 0.03 0.42 -1.03 9.82 -0.01 0.04 -0.06 1839
-0.00 0.02 0.43 -0.98 9.79 -0.00 0.04 -0.06 1846
-0.00 0.02 0.43 -0.98 9.77 -0.01 0.04 -0.06 1853
-0.00 0.02 0.44 -0.98 9.77 -0.00 0.04 -0.06 1860
-0.00 0.01 0.45 -0.99 9.78 -0.01 0.04 -0.05 1867
-0.00 0.02 0.43 -1.00 9.78 -0.00 0.04 -0.05 1874
-0.00 0.03 0.41 -0.98 9.74 -0.01 0.04 -0.06 1882
-0.00 0.02 0.44 -1.01 9.78 -0.01 0.04 -0.06 1889
-0.00 0.02 0.45 -1.01 9.81 -0.01 0.04 -0.05 1896
-0.00 0.01 0.43 -0.98 9.79 -0.01 0.04 -0.05 1903
-0.00 0.01 0.45 -1.00 9.78 -0.01 0.04 -0.05 1910
-0.00 0.02 0.44 -1.02 9.76 -0.00 0.04 -0.05 1917
-0.00 0.03 0.45 -0.96 9.82 -0.01 0.04 -0.05 1925
-0.00 0.02 0.44 -0.99 9.78 -0.01 0.04 -0.05 1932
-0.00 0.02 0.44 -0.98 9.78 -0.00 0.04 -0.05 1939
-0.00 0.01 0.45 -1.00 9.80 -0.00 0.04 -0.05 1946
-0.00 0.02 0.44 -1.01 9.79 -0.01 0.04 -0.05 1953
-0.00 0.02 0.45 -0.96 9.78 -0.01 0.04 -0.05 1960
-0.00 0.02 0.43 -1.00 9.79 -0.01 0.05 -0.05 1968
-0.00 0.02 0.45 -0.97 9.76 -0.00 0.04 -0.05 1975
-0.00 0.02 0.44 -0.98 9.78 -0.00 0.04 -0.05 1982
-0.00 0.01 0.45 -0.99 9.74 -0.00 0.04 -0.05 1989
-0.00 0.02 0.42 -0.98 9.78 -0.01 0.04 -0.05 1996
-0.00 0.02 0.48 -0.99 9.75 -0.00 0.04 -0.05 2003
-0.00 0.02 0.44 -0.98 9.78 -0.00 0.04 -0.05 2011
-0.00 0.02 0.45 -0.98 9.77 -0.00 0.04 -0.05 2018
-0.00 0.02 0.45 -1.02 9.76 -0.00 0.04 -0.05 2025
-0.00 0.01 0.44 -0.99 9.78 -0.01 0.04 -0.05 2032
-0.00 0.02 0.45 -1.01 9.76 -0.01 0.04 -0.05 2039
-0.00 0.03 0.43 -0.99 9.80 -0.01 0.04 -0.05 2046
0.00 0.02 0.43 -0.99 9.77 -0.01 0.04 -0.05 2054
-0.00 0.02 0.45 -1.00 9.79 -0.01 0.04 -0.05 2061
-0.00 0.02 0.43 -0.99 9.81 -0.01 0.04 -0.05 2068
-0.00 0.01 0.43 -0.97 9.79 -0.01 0.04 -0.06 2075
-0.00 0.02 0.40 -1.00 9.81 -0.01 0.04 -0.06 2082
-0.00 0.03 0.43 -0.99 9.77 -0.01 0.04 -0.06 2089
-0.00 0.02 0.46 -0.98 9.77 -0.00 0.04 -0.05 2097
-0.00 0.02 0.40 -1.01 9.80 -0.01 0.04 -0.05 2104
-0.00 0.01 0.44 -1.00 9.73 -0.00 0.04 -0.05 2111
-0.00 0.02 0.45 -0.99 9.81 -0.01 0.04 -0.06 2118
-0.00 0.02 0.42 -0.97 9.78 -0.01 0.04 -0.06 2125
-0.00 0.03 0.41 -0.97 9.78 -0.01 0.04 -0.05 2132
-0.00 0.02 0.44 -0.99 9.80 -0.00 0.04 -0.05 2140
-0.00 0.01 0.47 -1.00 9.78 -0.01 0.04 -0.05 2147
-0.00 0.01 0.44 -0.96 9.78 -0.00 0.04 -0.05 2154
-0.00 0.02 0.43 -1.03 9.79 -0.01 0.04 -0.05 2161
-0.00 0.02 0.42 -0.98 9.80 -0.00 0.04 -0.05 2168
-0.00 0.02 0.44 -0.97 9.78 -0.01 0.04 -0.05 2176
-0.00 0.02 0.43 -0.98 9.79 -0.01 0.04 -0.05 2183
-0.00 0.02 0.44 -1.01 9.78 -0.01 0.04 -0.06 2190
-0.00 0.01 0.42 -0.99 9.74 -0.01 0.04 -0.05 2197
-0.00 0.02 0.42 -0.98 9.81 -0.01 0.04 -0.05 2204
-0.00 0.01 0.43 -0.99 9.77 -0.01 0.04 -0.05 2211
0.00 0.02 0.42 -1.02 9.76 -0.01 0.04 -0.06 2219
-0.00 0.02 0.44 -0.97 9.76 -0.00 0.04 -0.05 2226
-0.00 0.02 0.46 -0.98 9.79 -0.01 0.04 -0.06 2233
-0.00 0.01 0.43 -0.99 9.77 -0.01 0.04 -0.05 2240
-0.00 0.02 0.43 -1.01 9.78 -0.01 0.04 -0.05 2247
-0.00 0.03 0.46 -0.99 9.79 -0.01 0.04 -0.05 2254
0.00 0.02 0.46 -0.99 9.79 -0.01 0.04 -0.05 2262
-0.00 0.02 0.44 -1.04 9.79 -0.01 0.04 -0.05 2269
-0.00 0.01 0.44 -0.98 9.78 -0.01 0.04 -0.06 2276
-0.00 0.01 0.43 -1.00 9.79 -0.01 0.04 -0.05 2283
-0.00 0.02 0.41 -1.01 9.78 -0.01 0.04 -0.06 2290
-0.00 0.03 0.46 -0.98 9.77 -0.00 0.04 -0.05 2297
-0.00 0.02 0.41 -1.01 9.80 -0.01 0.04 -0.05 2305
-0.00 0.01 0.45 -1.00 9.78 -0.01 0.04 -0.05 2312
-0.00 0.01 0.48 -0.99 9.76 -0.00 0.04 -0.05 2319
-0.00 0.02 0.41 -1.00 9.78 -0.01 0.04 -0.05 2326
-0.00 0.03 0.46 -1.00 9.80 -0.00 0.04 -0.05 2333
-0.00 0.03 0.44 -0.98 9.79 -0.01 0.04 -0.05 2340
-0.00 0.02 0.43 -1.00 9.77 -0.01 0.04 -0.06 2348
-0.00 0.01 0.45 -1.00 9.75 -0.01 0.04 -0.05 2355
-0.00 0.01 0.43 -0.99 9.77 -0.01 0.04 -0.06 2362
-0.00 0.02 0.45 -1.00 9.77 -0.00 0.04 -0.06 2369
-0.00 0.02 0.47 -0.97 9.80 -0.01 0.04 -0.05 2376
-0.00 0.03 0.44 -0.97 9.77 -0.01 0.04 -0.05 2383
-0.00 0.02 0.44 -0.96 9.78 -0.01 0.05 -0.05 2391
-0.00 0.02 0.44 -1.00 9.81 -0.01 0.04 -0.06 2398
-0.00 0.01 0.40 -0.99 9.77 -0.01 0.04 -0.05 2405
-0.00 0.02 0.42 -1.00 9.76 -0.01 0.04 -0.05 2412
-0.00 0.03 0.44 -0.99 9.79 -0.00 0.04 -0.05 2419
-0.00 0.02 0.45 -1.00 9.76 -0.01 0.04 -0.06 2426
-0.00 0.02 0.46 -0.98 9.77 -0.01 0.04 -0.05 2434
-0.00 0.02 0.41 -0.98 9.79 -0.01 0.04 -0.05 2441
-0.00 0.01 0.45 -1.00 9.75 -0.01 0.04 -0.06 2448
-0.00 0.02 0.46 -0.98 9.80 -0.00 0.04 -0.06 2455
-0.00 0.03 0.42 -0.98 9.79 -0.01 0.04 -0.05 2462
-0.00 0.03 0.43 -0.99 9.75 -0.01 0.04 -0.05 2469
-0.00 0.02 0.43 -0.97 9.77 -0.01 0.04 -0.06 2477
-0.00 0.01 0.46 -1.00 9.80 -0.00 0.04 -0.06 2484
-0.00 0.01 0.47 -1.03 9.77 -0.01 0.04 -0.05 2491
-0.00 0.02 0.42 -0.99 9.77 -0.01 0.04 -0.05 2498
-0.00 0.03 0.42 -1.00 9.78 -0.01 0.04 -0.06 2505
-0.00 0.02 0.48 -0.96 9.79 -0.01 0.04 -0.05 2512
-0.00 0.02 0.42 -1.02 9.80 -0.00 0.04 -0.05 2520
-0.00 0.01 0.44 -0.97 9.80 -0.00 0.04 -0.05 2527
-0.00 0.02 0.43 -0.99 9.78 -0.01 0.04 -0.05 2534
-0.00 0.02 0.46 -1.00 9.76 -0.01 0.04 -0.05 2541
-0.00 0.03 0.43 -0.97 9.76 -0.01 0.04 -0.05 2548
-0.00 0.02 0.43 -0.97 9.74 -0.01 0.04 -0.05 2555
-0.00 0.02 0.41 -0.98 9.79 -0.00 0.04 -0.06 2563
-0.00 0.01 0.41 -0.97 9.79 -0.01 0.04 -0.05 2570
-0.00 0.02 0.41 -0.98 9.79 -0.01 0.04 -0.05 2577
-0.00 0.02 0.45 -0.97 9.78 -0.01 0.05 -0.05 2584
-0.00 0.03 0.46 -0.99 9.78 -0.00 0.04 -0.05 2591
-0.00 0.02 0.44 -1.00 9.77 -0.01 0.04 -0.05 2598
-0.00 0.02 0.44 -1.01 9.80 -0.01 0.04 -0.05 2606
-0.00 0.02 0.45 -0.98 9.78 -0.01 0.04 -0.05 2613
-0.00 0.02 0.44 -0.98 9.79 -0.01 0.04 -0.05 2620
-0.00 0.03 0.41 -0.98 9.76 -0.01 0.04 -0.05 2627
-0.00 0.02 0.42 -0.99 9.78 -0.01 0.04 -0.05 2634
-0.00 0.02 0.44 -0.98 9.77 -0.00 0.04 -0.05 2641
-0.00 0.02 0.45 -0.97 9.76 -0.01 0.04 -0.06 2649
-0.00 0.02 0.41 -1.00 9.79 -0.01 0.04 -0.05 2656
-0.00 0.02 0.45 -0.97 9.79 -0.01 0.04 -0.05 2663
-0.00 0.03 0.43 -1.00 9.81 -0.00 0.04 -0.06 2670
-0.00 0.02 0.40 -0.99 9.79 -0.00 0.04 -0.05 2677
-0.00 0.02 0.46 -0.98 9.78 -0.01 0.04 -0.05 2684
-0.00 0.01 0.47 -0.98 9.78 -0.00 0.04 -0.06 2692
-0.00 0.02 0.42 -0.98 9.80 -0.01 0.04 -0.05 2699
-0.00 0.02 0.44 -1.00 9.78 -0.01 0.04 -0.05 2706
-0.00 0.03 0.43 -1.00 9.81 -0.01 0.04 -0.05 2713
-0.00 0.02 0.45 -1.02 9.76 -0.01 0.04 -0.05 2720
-0.00 0.02 0.45 -0.99 9.79 -0.01 0.04 -0.06 2727
-0.00 0.01 0.41 -0.97 9.75 -0.01 0.04 -0.06 2735
-0.00 0.01 0.43 -1.02 9.77 -0.01 0.04 -0.05 2742
-0.00 0.02 0.45 -0.99 9.77 -0.00 0.04 -0.05 2749
0.00 0.03 0.45 -1.01 9.79 -0.01 0.04 -0.05 2756
-0.00 0.02 0.43 -1.00 9.81 -0.01 0.04 -0.06 2763
-0.00 0.02 0.45 -0.98 9.80 -0.00 0.04 -0.05 2770
-0.00 0.01 0.41 -0.97 9.78 -0.01 0.04 -0.05 2778
-0.00 0.02 0.41 -1.00 9.75 -0.01 0.04 -0.05 2785
-0.00 0.03 0.45 -0.99 9.78 -0.00 0.04 -0.05 2792
0.00 0.02 0.46 -0.99 9.74 -0.01 0.04 -0.05 2799
-0.00 0.01 0.43 -0.98 9.79 -0.01 0.04 -0.05 2806
-0.00 0.02 0.44 -1.02 9.77 -0.01 0.04 -0.05 2813
-0.00 0.02 0.42 -1.02 9.78 -0.01 0.04 -0.06 2821
-0.00 0.02 0.43 -0.99 9.78 -0.01 0.04 -0.05 2828
-0.00 0.03 0.45 -1.03 9.78 -0.00 0.04 -0.06 2835
0.00 0.02 0.42 -0.99 9.80 -0.01 0.04 -0.05 2842
-0.00 0.02 0.46 -0.99 9.79 -0.01 0.04 -0.05 2849
-0.00 0.02 0.44 -0.99 9.79 -0.00 0.04 -0.05 2856
-0.00 0.02 0.41 -1.00 9.80 -0.01 0.04 -0.05 2864
-0.00 0.02 0.40 -1.02 9.76 -0.01 0.05 -0.05 2871
-0.00 0.03 0.42 -0.99 9.78 -0.00 0.04 -0.06 2878
-0.00 0.02 0.44 -1.01 9.76 -0.01 0.04 -0.05 2885
-0.00 0.02 0.43 -0.99 9.81 -0.00 0.04 -0.06 2892
-0.00 0.01 0.44 -1.03 9.78 -0.00 0.04 -0.06 2899
-0.00 0.01 0.44 -0.95 9.78 -0.01 0.04 -0.05 2907
-0.00 0.02 0.45 -0.99 9.79 -0.01 0.04 -0.05 2914
-0.00 0.03 0.46 -0.99 9.76 -0.01 0.04 -0.05 2921
-0.00 0.01 0.43 -0.99 9.80 -0.01 0.04 -0.05 2928
-0.00 0.02 0.48 -0.99 9.75 -0.01 0.04 -0.06 2935
-0.00 0.01 0.45 -1.01 9.80 -0.00 0.04 -0.05 2942
-0.00 0.02 0.43 -0.97 9.82 -0.01 0.04 -0.05 2950
-0.00 0.02 0.47 -0.99 9.75 -0.01 0.04 -0.05 2957
-0.00 0.03 0.42 -1.00 9.83 -0.01 0.04 -0.05 2964
-0.00 0.02 0.46 -0.99 9.79 -0.01 0.04 -0.05 2971
-0.00 0.02 0.44 -0.97 9.77 -0.01 0.04 -0.05 2978
-0.00 0.01 0.43 -0.98 9.78 -0.00 0.04 -0.05 2985
-0.00 0.02 0.44 -0.97 9.79 -0.01 0.04 -0.05 2993
-0.00 0.03 0.44 -1.00 9.80 -0.00 0.04 -0.05 3000
0.00 0.02 0.45 -0.98 9.77 -0.01 0.04 -0.05 3007
-0.00 0.02 0.45 -1.01 9.81 -0.01 0.04 -0.05 3014
-0.00 0.02 0.43 -0.98 9.76 -0.01 0.04 -0.05 3021
-0.00 0.01 0.42 -0.98 9.78 -0.01 0.04 -0.06 3028
-0.00 0.02 0.45 -1.01 9.82 -0.01 0.04 -0.05 3036
-0.00 0.03 0.43 -1.00 9.80 -0.01 0.04 -0.06 3043
-0.00 0.03 0.44 -0.99 9.80 -0.01 0.04 -0.06 3050
-0.00 0.01 0.44 -1.00 9.76 -0.01 0.04 -0.05 3057
-0.00 0.01 0.46 -0.98 9.79 -0.01 0.04 -0.06 3064
-0.00 0.01 0.44 -0.99 9.79 -0.01 0.04 -0.06 3072
-0.00 0.02 0.46 -0.95 9.74 -0.00 0.04 -0.05 3079
-0.00 0.03 0.44 -1.00 9.80 -0.00 0.04 -0.05 3086
-0.00 0.02 0.44 -1.01 9.79 -0.00 0.04 -0.05 3093
-0.00 0.02 0.45 -0.99 9.79 -0.01 0.04 -0.06 3100
-0.00 0.01 0.46 -0.99 9.78 -0.00 0.04 -0.05 3107
-0.00 0.02 0.46 -1.01 9.78 -0.00 0.04 -0.06 3115
-0.00 0.02 0.45 -1.02 9.78 -0.00 0.04 -0.05 3122
-0.00 0.03 0.47 -0.98 9.75 -0.01 0.04 -0.06 3129
-0.00 0.02 0.46 -1.03 9.77 -0.01 0.04 -0.06 3136
-0.00 0.02 0.41 -1.01 9.77 -0.01 0.04 -0.05 3143
-0.00 0.01 0.44 -0.99 9.79 -0.01 0.04 -0.05 3150
-0.00 0.02 0.45 -1.00 9.79 -0.00 0.04 -0.05 3158
-0.00 0.02 0.43 -0.99 9.75 -0.01 0.04 -0.05 3165
-0.00 0.02 0.44 -1.00 9.78 -0.00 0.04 -0.05 3172
-0.00 0.02 0.44 -0.97 9.81 -0.01 0.04 -0.05 3179
-0.00 0.02 0.45 -0.99 9.75 -0.01 0.04 -0.05 3186
-0.00 0.01 0.47 -1.01 9.75 -0.00 0.04 -0.05 3193
-0.00 0.02 0.45 -0.98 9.75 -0.00 0.04 -0.05 3201
-0.00 0.03 0.43 -1.01 9.78 -0.01 0.04 -0.05 3208
-0.00 0.03 0.43 -0.98 9.79 -0.01 0.04 -0.05 3215
-0.00 0.02 0.42 -1.00 9.81 -0.00 0.04 -0.05 3222
-0.00 0.02 0.48 -1.00 9.75 -0.00 0.04 -0.05 3229
-0.00 0.02 0.45 -1.01 9.76 -0.01 0.04 -0.05 3236
-0.00 0.02 0.45 -1.00 9.81 -0.00 0.04 -0.05 3244
-0.00 0.03 0.40 -1.02 9.76 -0.01 0.04 -0.06 3251
-0.00 0.02 0.46 -1.00 9.79 -0.01 0.04 -0.06 3258
-0.00 0.02 0.40 -0.98 9.81 -0.01 0.04 -0.06 3265
-0.00 0.01 0.44 -0.98 9.78 -0.01 0.04 -0.05 3272
-0.00 0.02 0.42 -0.98 9.76 -0.00 0.04 -0.05 3279
-0.00 0.02 0.44 -1.01 9.76 -0.00 0.04 -0.05 3287
-0.00 0.03 0.46 -1.02 9.79 -0.00 0.04 -0.06 3294
-0.00 0.02 0.42 -0.97 9.79 -0.00 0.04 -0.05 3301
-0.00 0.02 0.43 -0.99 9.77 -0.01 0.04 -0.05 3308
-0.00 0.01 0.42 -0.97 9.80 -0.00 0.04 -0.05 3315
-0.00 0.01 0.46 -0.97 10.37 -0.01 0.04 -0.05 3322
-0.00 0.01 0.44 -0.98 9.78 -0.00 0.04 -0.05 3330
-0.00 0.02 0.48 -0.99 9.73 -0.00 0.04 -0.05 3337
-0.00 0.02 0.42 -0.97 9.80 -0.01 0.04 -0.05 3344
-0.00 0.02 0.46 -0.99 9.77 -0.01 0.04 -0.05 3351
-0.00 0.01 0.46 -0.99 9.78 -0.01 0.04 -0.05 3358
-0.00 0.01 0.44 -0.98 9.77 -0.01 0.04 -0.06 3365
-0.00 0.01 0.45 -0.99 9.78 -0.01 0.04 -0.05 3373
-0.00 0.02 0.44 -0.99 9.80 -0.00 0.04 -0.05 3380
-0.00 0.02 0.44 -1.03 9.76 -0.01 0.04 -0.05 3387
-0.00 0.02 0.42 -1.01 9.80 -0.01 0.04 -0.05 3394
-0.00 0.00 0.44 -1.00 9.77 -0.01 0.04 -0.05 3401
-0.00 0.01 0.43 -0.98 9.79 -0.01 0.04 -0.05 3408
-0.00 0.02 0.46 -1.00 9.79 -0.01 0.04 -0.05 3416
0.00 0.02 0.45 -0.99 9.79 -0.00 0.04 -0.05 3423
-0.00 0.01 0.46 -0.99 9.75 -0.00 0.04 -0.05 3430
-0.00 0.01 0.46 -1.00 9.76 -0.00 0.04 -0.06 3437
-0.00 0.01 0.45 -1.00 9.76 -0.01 0.04 -0.05 3444
-0.00 0.02 0.45 -0.99 10.41 -0.00 0.04 -0.05 3451
-0.00 0.03 0.46 -1.03 9.79 -0.01 0.04 -0.05 3459
-0.00 0.01 0.46 -0.97 9.76 -0.01 0.04 -0.05 3466
-0.00 0.01 0.46 -0.96 9.79 -0.01 0.04 -0.06 3473
-0.00 0.01 0.44 -0.97 9.77 -0.00 0.04 -0.05 3480
-0.00 0.01 0.44 -1.00 9.77 -0.01 0.04 -0.05 3487
-0.00 0.02 0.46 -0.98 9.78 -0.00 0.04 -0.05 3494
-0.00 0.02 0.44 -1.01 9.79 -0.01 0.04 -0.05 3502
-0.00 0.01 0.44 -0.99 9.77 -0.00 0.04 -0.05 3509
-0.00 0.01 0.46 -1.00 9.77 -0.01 0.04 -0.06 3516
-0.00 0.01 0.45 -0.99 9.78 -0.00 0.04 -0.06 3523
-0.00 0.02 0.39 -1.00 9.76 -0.01 0.04 -0.05 3530
-0.00 0.01 0.42 -1.01 9.82 -0.01 0.04 -0.05 3537
-0.00 0.02 0.42 -0.97 9.80 -0.01 0.04 -0.06 3545
-0.00 0.01 0.42 -1.01 9.76 -0.00 0.04 -0.05 3552
-0.00 0.01 0.48 -0.98 9.78 -0.01 0.04 -0.06 3559
-0.00 0.00 0.45 -0.98 9.78 -0.01 0.04 -0.05 3566
-0.00 0.02 0.46 -0.99 9.81 -0.00 0.04 -0.05 3573
-0.00 0.02 0.41 -0.98 9.75 -0.01 0.04 -0.06 3580
0.00 0.02 0.44 -1.00 9.78 -0.01 0.04 -0.05 3588
-0.00 0.01 0.44 -1.02 9.79 -0.01 0.04 -0.05 3595
-0.00 0.01 0.44 -0.98 9.76 -0.01 0.04 -0.05 3602
-0.00 0.01 0.43 -1.01 9.80 -0.01 0.04 -0.05 3609
-0.00 0.02 0.45 -0.99 9.78 -0.01 0.04 -0.05 3616
-0.00 0.02 0.46 -0.96 9.77 -0.00 0.04 -0.05 3623
-0.00 0.01 0.43 -0.99 9.78 -0.00 0.04 -0.05 3631
-0.00 0.01 0.44 -0.98 9.77 -0.01 0.04 -0.05 3638
-0.00 0.00 0.46 -0.97 9.80 -0.01 0.04 -0.05 3645
-0.00 0.02 0.45 -1.00 9.79 -0.01 0.04 -0.05 3652
-0.00 0.01 0.47 -1.00 9.77 -0.01 0.04 -0.05 3659
-0.00 0.02 0.43 -0.99 9.74 -0.01 0.04 -0.05 3666
-0.00 0.01 0.47 -0.99 9.81 -0.01 0.04 -0.05 3674
-0.00 0.01 0.43 -1.00 9.78 -0.01 0.04 -0.05 3681
-0.00 0.00 0.44 -1.01 9.75 -0.00 0.04 -0.05 3688
-0.00 0.01 0.46 -0.98 9.79 -0.00 0.04 -0.05 3695
-0.00 0.01 0.44 -1.00 9.80 -0.01 0.04 -0.05 3702
-0.00 0.02 0.42 -0.95 9.77 -0.00 0.04 -0.06 3709
-0.00 0.02 0.44 -1.00 9.75 -0.01 0.04 -0.05 3717
-0.00 0.01 0.43 -0.98 9.79 -0.01 0.04 -0.05 3724
0.00 0.00 0.45 -1.00 9.79 -0.00 0.04 -0.05 3731
-0.00 0.01 0.41 -0.97 9.73 -0.00 0.04 -0.06 3738
-0.00 0.02 0.42 -0.98 9.77 -0.00 0.04 -0.06 3745
-0.00 0.02 0.45 -1.03 9.78 -0.01 0.04 -0.06 3752
-0.00 0.02 0.43 -1.01 9.79 -0.00 0.04 -0.06 3760
-0.00 0.01 0.41 -1.00 9.79 -0.00 0.04 -0.06 3767
-0.00 0.01 0.44 -0.98 9.77 -0.00 0.04 -0.05 3774
-0.00 0.01 0.46 -0.99 9.74 -0.01 0.04 -0.06 3781
-0.00 0.03 0.44 -1.01 9.75 -0.01 0.04 -0.06 3788
0.00 0.02 0.44 -1.00 9.77 -0.00 0.04 -0.05 3795
-0.00 0.01 0.45 -0.97 9.80 -0.00 0.04 -0.05 3803
-0.00 0.02 0.47 -1.01 9.79 -0.00 0.04 -0.05 3810
-0.00 0.01 0.43 -1.00 9.78 -0.01 0.04 -0.05 3817
-0.00 0.01 0.43 -0.98 9.79 -0.01 0.04 -0.05 3824
-0.00 0.03 0.45 -0.96 9.77 -0.00 0.04 -0.05 3831
-0.00 0.02 0.41 -0.97 9.77 -0.01 0.04 -0.05 3838
-0.00 0.01 0.44 -0.99 9.79 -0.01 0.04 -0.05 3846
-0.00 0.01 0.44 -1.01 9.78 -0.01 0.04 -0.05 3853
-0.00 0.02 0.43 -0.97 9.79 -0.01 0.04 -0.05 3860
-0.00 0.01 0.42 -1.01 9.75 -0.01 0.04 -0.05 3867
-0.00 0.02 0.42 -0.98 9.75 -0.01 0.04 -0.05 3874
-0.00 0.02 0.43 -0.97 9.79 -0.01 0.04 -0.05 3881
-0.00 0.01 0.44 -0.98 9.78 -0.00 0.04 -0.05 3889
-0.00 0.00 0.43 -0.98 9.76 -0.01 0.04 -0.05 3896
-0.00 0.01 0.43 -1.01 9.79 -0.01 0.04 -0.05 3903
-0.00 0.02 0.44 -1.00 9.76 -0.00 0.04 -0.05 3910
-0.00 0.02 0.45 -1.02 9.75 -0.01 0.04 -0.05 3917
-0.00 0.01 0.42 -0.96 9.75 -0.01 0.04 -0.05 3924
-0.00 0.01 0.45 -1.02 10.38 -0.01 0.04 -0.05 3932
0.00 0.00 0.42 -1.02 9.78 -0.01 0.04 -0.06 3939
-0.00 0.01 0.45 -1.01 9.78 -0.00 0.04 -0.05 3946
-0.00 0.01 0.45 -1.00 9.80 -0.01 0.04 -0.05 3953
-0.00 0.02 0.43 -0.97 9.78 -0.01 0.04 -0.05 3960
-0.00 0.01 0.45 -1.00 10.39 -0.01 0.04 -0.06 3968
-0.00 0.02 0.43 -0.98 9.79 -0.00 0.04 -0.05 3975
-0.00 0.01 0.47 -1.02 9.79 -0.01 0.04 -0.05 3982
-0.00 0.01 0.47 -0.99 9.79 -0.00 0.04 -0.05 3989
-0.00 0.02 0.46 -1.02 9.81 -0.00 0.04 -0.06 3996
0.00 0.02 0.42 -0.99 9.77 -0.00 0.04 -0.06 4003
-0.00 0.01 0.44 -1.00 9.78 -0.01 0.04 -0.06 4011
-0.00 0.02 0.47 -0.99 9.78 -0.01 0.04 -0.06 4018
-0.00 0.00 0.45 -0.99 9.77 -0.01 0.04 -0.05 4025
-0.00 0.02 0.43 -0.99 9.78 -0.00 0.05 -0.06 4032
-0.00 0.03 0.46 -0.99 9.78 -0.00 0.04 -0.05 4039
0.00 0.01 0.45 -0.97 9.75 -0.00 0.04 -0.05 4046
-0.00 0.02 0.45 -0.99 9.77 -0.00 0.04 -0.05 4054
-0.00 0.00 0.41 -0.99 9.76 -0.01 0.04 -0.05 4061
-0.00 0.01 0.44 -0.97 9.73 -0.01 0.04 -0.05 4068
-0.00 0.01 0.42 -0.99 9.79 -0.01 0.04 -0.05 4075
-0.00 0.03 0.41 -0.98 9.79 -0.01 0.04 -0.05 4082
-0.00 0.01 0.44 -1.01 9.80 -0.01 0.04 -0.05 4089
-0.00 0.01 0.44 -1.01 9.77 -0.01 0.04 -0.05 4097
-0.00 0.01 0.44 -1.00 9.79 -0.01 0.04 -0.05 4104
-0.00 0.01 0.46 -0.98 9.77 -0.01 0.04 -0.05 4111
-0.00 0.02 0.42 -0.98 9.79 -0.01 0.04 -0.05 4118
-0.00 0.01 0.46 -1.00 9.79 -0.00 0.04 -0.05 4125
-0.00 0.01 0.45 -0.98 9.74 -0.01 0.04 -0.05 4132
-0.00 0.01 0.44 -0.97 9.78 -0.01 0.04 -0.06 4140
-0.00 0.01 0.42 -0.99 9.75 -0.01 0.04 -0.05 4147
-0.00 0.02 0.42 -0.98 9.80 -0.00 0.04 -0.05 4154
-0.00 0.02 0.45 -0.99 9.78 -0.01 0.04 -0.05 4161
0.00 0.02 0.44 -1.01 9.75 -0.01 0.04 -0.05 4168
-0.00 0.02 0.45 -0.98 9.78 -0.01 0.04 -0.05 4175
-0.00 0.01 0.47 -1.01 9.77 -0.01 0.04 -0.06 4183
-0.00 0.01 0.45 -0.98 9.78 -0.01 0.04 -0.05 4190
-0.00 0.00 0.46 -1.00 9.79 -0.01 0.04 -0.05 4197
-0.00 0.02 0.46 -0.99 9.74 -0.00 0.04 -0.05 4204
0.00 0.02 0.45 -0.98 9.76 -0.00 0.04 -0.05 4211
-0.00 0.01 0.46 -0.99 9.79 -0.01 0.04 -0.05 4218
0.00 0.00 0.44 -0.96 9.77 -0.01 0.04 -0.05 4226
-0.00 0.01 0.42 -0.97 9.77 -0.01 0.04 -0.05 4233
-0.00 0.02 0.44 -1.01 9.80 -0.01 0.04 -0.06 4240
-0.00 0.03 0.45 -1.00 9.79 -0.01 0.04 -0.05 4247
-0.00 0.01 0.41 -1.00 9.76 -0.01 0.04 -0.05 4254
-0.00 0.02 0.45 -1.00 9.81 -0.01 0.04 -0.05 4261
-0.00 0.01 0.46 -0.98 9.77 -0.00 0.04 -0.05 4269
-0.00 0.01 0.42 -1.01 9.80 -0.01 0.04 -0.05 4276
-0.00 0.01 0.43 -0.97 9.80 -0.01 0.04 -0.05 4283
-0.00 0.02 0.42 -1.00 9.80 -0.01 0.04 -0.05 4290
-0.00 0.02 0.45 -1.02 9.80 -0.01 0.04 -0.05 4297
-0.00 0.01 0.44 -0.97 9.75 -0.01 0.04 -0.06 4304
-0.00 0.00 0.48 -0.98 9.80 -0.00 0.04 -0.05 4312
-0.00 0.01 0.44 -0.98 9.76 -0.01 0.04 -0.05 4319
-0.00 0.01 0.43 -1.03 9.77 -0.01 0.04 -0.05 4326
-0.00 0.02 0.43 -1.00 9.82 -0.00 0.04 -0.06 4333
-0.00 0.02 0.44 -1.00 9.77 -0.01 0.04 -0.05 4340
-0.00 0.02 0.45 -0.97 9.74 -0.01 0.04 -0.06 4347
-0.00 0.00 0.45 -0.98 9.78 -0.01 0.04 -0.05 4355
-0.00 0.01 0.45 -1.02 9.80 -0.01 0.04 -0.06 4362
-0.00 0.03 0.44 -0.98 9.77 -0.01 0.04 -0.05 4369
-0.00 0.02 0.43 -0.98 9.80 -0.01 0.04 -0.05 4376
-0.00 0.02 0.42 -1.01 9.81 -0.01 0.04 -0.06 4383
-0.00 0.01 0.44 -0.96 9.77 -0.00 0.04 -0.06 4390
-0.00 0.01 0.41 -0.97 9.77 -0.01 0.04 -0.06 4398
-0.00 0.01 0.43 -1.01 9.77 -0.00 0.04 -0.05 4405
-0.00 0.02 0.42 -0.99 9.75 -0.01 0.04 -0.06 4412
-0.00 0.01 0.43 -0.98 9.78 -0.01 0.04 -0.05 4419
-0.00 0.01 0.42 -0.99 9.73 -0.01 0.04 -0.05 4426
-0.00 0.00 0.42 -0.99 9.80 -0.01 0.04 -0.05 4433
-0.00 0.01 0.41 -1.01 9.75 -0.01 0.04 -0.05 4441
-0.00 0.01 0.44 -0.99 9.76 -0.00 0.04 -0.05 4448
-0.00 0.02 0.45 -0.97 9.80 -0.00 0.04 -0.05 4455
-0.00 0.02 0.42 -0.98 9.75 -0.01 0.04 -0.05 4462
-0.00 0.01 0.45 -0.98 9.80 -0.01 0.04 -0.05 4469
-0.00 0.01 0.47 -0.98 9.78 -0.01 0.04 -0.05 4476
-0.00 0.01 0.45 -0.95 9.76 -0.01 0.04 -0.05 4484
-0.00 0.01 0.42 -1.02 9.81 -0.01 0.04 -0.05 4491
0.00 0.02 0.44 -0.98 9.77 -0.01 0.04 -0.05 4498
-0.00 0.01 0.40 -0.99 9.80 -0.00 0.04 -0.05 4505
-0.00 0.01 0.47 -0.98 9.76 -0.01 0.04 -0.05 4512
-0.00 0.00 0.45 -0.99 9.80 -0.00 0.04 -0.05 4519
-0.00 0.01 0.44 -0.99 9.79 -0.01 0.04 -0.05 4527
-0.00 0.01 0.44 -0.99 9.77 -0.00 0.04 -0.05 4534
-0.00 0.02 0.43 -0.98 9.77 -0.01 0.04 -0.05 4541
-0.00 0.01 0.42 -0.98 9.78 -0.01 0.04 -0.05 4548
-0.00 0.01 0.44 -1.01 9.76 -0.00 0.04 -0.05 4555
-0.00 0.01 0.43 -1.00 9.75 -0.01 0.05 -0.05 4562
-0.00 0.01 0.43 -1.00 9.77 -0.00 0.04 -0.05 4570
-0.00 0.02 0.46 -1.01 9.80 -0.00 0.04 -0.05 4577
-0.00 0.02 0.44 -1.00 9.78 -0.00 0.04 -0.05 4584
-0.00 0.01 0.43 -1.00 9.78 -0.00 0.04 -0.05 4591
-0.00 0.01 0.44 -0.99 9.79 -0.01 0.04 -0.05 4598
-0.00 0.01 0.44 -0.99 9.80 -0.00 0.04 -0.05 4605
-0.00 0.01 0.43 -1.00 9.79 -0.01 0.04 -0.05 4613
-0.00 0.03 0.46 -0.99 9.79 -0.01 0.04 -0.05 4620
-0.00 0.02 0.43 -1.02 9.82 -0.01 0.04 -0.05 4627
-0.00 0.02 0.47 -1.00 9.78 -0.01 0.04 -0.05 4634
-0.00 0.00 0.43 -0.96 9.80 -0.00 0.04 -0.05 4641
-0.00 0.01 0.42 -0.99 9.75 -0.00 0.04 -0.05 4648
-0.00 0.01 0.43 -0.99 9.77 -0.01 0.04 -0.06 4656
-0.00 0.02 0.44 -1.00 9.80 -0.01 0.04 -0.05 4663
-0.00 0.01 0.46 -1.02 9.78 -0.01 0.04 -0.05 4670
-0.00 0.01 0.45 -1.00 9.75 -0.01 0.04 -0.05 4677
0.00 0.00 0.41 -0.98 9.80 -0.01 0.04 -0.06 4684
-0.00 0.00 0.45 -0.95 9.79 -0.01 0.04 -0.05 4691
-0.00 0.02 0.43 -0.99 9.81 -0.00 0.04 -0.05 4699
0.00 0.02 0.42 -0.98 9.81 -0.01 0.04 -0.05 4706
-0.00 0.01 0.42 -1.01 9.79 -0.01 0.04 -0.05 4713
-0.00 0.01 0.43 -0.96 9.79 -0.01 0.04 -0.06 4720
0.00 0.00 0.44 -1.00 9.79 -0.00 0.04 -0.06 4727
-0.00 0.01 0.41 -0.98 9.75 -0.01 0.04 -0.05 4734
-0.00 0.02 0.44 -1.01 9.79 -0.00 0.04 -0.05 4742
-0.00 0.02 0.45 -0.97 9.75 -0.01 0.04 -0.05 4749
-0.00 0.01 0.41 -0.99 9.77 -0.01 0.04 -0.05 4756
-0.00 0.01 0.43 -1.00 9.79 -0.00 0.04 -0.05 4763
-0.00 0.01 0.43 -0.96 9.78 -0.01 0.04 -0.05 4770
-0.00 0.01 0.46 -1.01 9.73 -0.01 0.04 -0.05 4777
-0.00 0.02 0.42 -0.98 9.75 -0.01 0.04 -0.05 4785
-0.00 0.01 0.46 -0.96 9.75 -0.01 0.04 -0.06 4792
-0.00 0.02 0.41 -0.98 9.77 -0.01 0.04 -0.06 4799
-0.00 0.01 0.44 -0.95 9.78 -0.00 0.04 -0.05 4806
-0.00 0.01 0.43 -0.99 9.77 -0.00 0.04 -0.05 4813
-0.00 0.01 0.43 -0.97 9.76 -0.01 0.04 -0.06 4820
-0.00 0.02 0.45 -0.99 9.76 -0.01 0.04 -0.05 4828
-0.00 0.01 0.46 -0.98 9.72 -0.00 0.04 -0.06 4835
-0.00 0.01 0.44 -0.97 9.79 -0.01 0.04 -0.05 4842
-0.00 0.01 0.40 -1.03 9.78 -0.01 0.04 -0.05 4849
-0.00 0.01 0.45 -1.01 9.78 -0.01 0.04 -0.05 4856
-0.00 0.01 0.46 -0.98 9.76 -0.01 0.04 -0.05 4864
0.00 0.02 0.44 -0.98 9.75 -0.00 0.04 -0.05 4871
-0.00 0.01 0.46 -1.01 9.81 -0.01 0.04 -0.05 4878
-0.00 0.01 0.44 -0.98 9.78 -0.00 0.04 -0.05 4885
0.00 0.00 0.44 -0.99 9.82 -0.00 0.04 -0.05 4892
0.00 0.00 0.43 -1.00 9.78 -0.00 0.04 -0.05 4898
-0.00 0.01 0.45 -0.96 9.79 -0.01 0.04 -0.06 4904
-0.00 0.02 0.45 -1.01 9.79 -0.00 0.04 -0.05 4912
-0.00 0.01 0.44 -0.99 9.77 -0.01 0.04 -0.05 4919
-0.00 0.02 0.42 -0.96 9.75 -0.01 0.04 -0.05 4926
-0.00 0.01 0.45 -1.00 9.79 -0.00 0.04 -0.05 4933
-0.00 0.01 0.43 -0.96 9.79 -0.01 0.04 -0.06 4940
-0.00 0.02 0.46 -1.00 9.78 -0.01 0.04 -0.05 4947
-0.00 0.02 0.43 -0.97 9.79 -0.01 0.04 -0.06 4955
-0.00 0.01 0.43 -1.03 9.74 -0.01 0.04 -0.05 4962
-0.00 0.01 0.45 -1.00 9.78 -0.01 0.04 -0.05 4969
-0.00 0.01 0.44 -0.99 9.77 -0.01 0.04 -0.06 4976
-0.00 0.00 0.44 -0.96 9.76 -0.01 0.04 -0.05 4983
-0.00 0.01 0.46 -0.98 9.80 -0.01 0.04 -0.05 4990
0.00 0.02 0.46 -1.00 9.74 -0.01 0.04 -0.05 4998
-0.00 0.01 0.47 -0.99 9.81 -0.01 0.04 -0.05 5005
-0.00 0.01 0.45 -0.98 9.78 -0.01 0.04 -0.05 5012
-0.00 0.01 0.44 -0.97 9.77 -0.00 0.04 -0.05 5019
-0.00 0.02 0.44 -0.98 9.77 -0.01 0.04 -0.05 5026
-0.00 0.02 0.46 -1.00 9.77 -0.01 0.04 -0.05 5033
0.00 0.01 0.46 -1.01 9.77 -0.01 0.04 -0.06 5041
-0.00 0.01 0.45 -1.00 9.79 -0.00 0.04 -0.05 5048
-0.00 0.01 0.41 -0.99 9.81 -0.01 0.04 -0.05 5055
-0.00 0.01 0.41 -1.01 9.77 -0.01 0.04 -0.05 5062
-0.00 0.01 0.43 -1.01 9.76 -0.01 0.04 -0.05 5069
-0.00 0.02 0.40 -0.97 9.77 -0.01 0.04 -0.05 5076
-0.00 0.01 0.44 -1.00 9.78 -0.01 0.04 -0.05 5084
-0.00 0.01 0.44 -0.99 9.76 -0.00 0.04 -0.06 5091
-0.00 0.01 0.44 -0.96 9.80 -0.01 0.04 -0.05 5098
-0.00 0.01 0.39 -1.02 9.77 -0.01 0.04 -0.06 5105
-0.00 0.01 0.45 -0.97 9.77 -0.01 0.04 -0.05 5112
-0.00 0.02 0.44 -0.99 9.75 -0.01 0.04 -0.05 5120
-0.00 0.01 0.44 -0.99 9.80 -0.00 0.04 -0.05 5127
-0.00 0.01 0.46 -1.02 9.76 -0.00 0.04 -0.05 5134
-0.00 0.00 0.46 -0.99 9.79 -0.00 0.04 -0.06 5141
-0.00 0.01 0.43 -0.98 9.81 -0.01 0.04 -0.06 5148
-0.00 0.02 0.43 -0.99 9.75 -0.01 0.04 -0.05 5155
-0.00 0.02 0.47 -0.96 9.82 -0.01 0.04 -0.05 5163
-0.00 0.01 0.44 -0.98 9.76 -0.01 0.04 -0.05 5170
-0.00 0.01 0.41 -0.99 9.77 -0.01 0.04 -0.05 5177
0.00 0.00 0.45 -1.01 9.79 -0.01 0.04 -0.05 5184
-0.00 0.01 0.42 -0.98 9.81 -0.01 0.04 -0.05 5191
-0.00 0.02 0.46 -1.00 9.81 -0.01 0.04 -0.06 5198
-0.00 0.02 0.44 -0.99 9.78 -0.01 0.04 -0.05 5206
-0.00 0.01 0.44 -0.99 9.77 -0.01 0.04 -0.05 5213
-0.00 0.01 0.46 -0.98 9.79 -0.01 0.04 -0.05 5220
-0.00 0.01 0.44 -0.99 9.81 -0.01 0.04 -0.05 5227
-0.00 0.02 0.44 -1.00 9.77 -0.00 0.04 -0.05 5234
-0.00 0.03 0.46 -0.97 9.79 -0.00 0.04 -0.05 5241
-0.00 0.01 0.43 -0.97 9.79 -0.00 0.04 -0.05 5249
-0.00 0.01 0.43 -0.98 9.77 -0.01 0.04 -0.06 5256
-0.00 0.01 0.46 -0.97 9.78 -0.01 0.04 -0.05 5263
-0.00 0.01 0.46 -0.99 9.79 -0.00 0.04 -0.06 5270
-0.00 0.01 0.46 -1.02 9.77 -0.01 0.04 -0.05 5277
-0.00 0.02 0.42 -0.98 9.79 -0.01 0.04 -0.05 5284
-0.00 0.02 0.44 -0.97 9.74 -0.01 0.04 -0.05 5292
-0.00 0.02 0.46 -1.02 9.76 -0.01 0.04 -0.05 5299
-0.00 0.01 0.43 -0.99 9.75 -0.01 0.04 -0.05 5306
-0.00 0.01 0.44 -1.00 9.77 -0.00 0.04 -0.06 5313
-0.00 0.01 0.45 -0.98 9.80 -0.00 0.04 -0.05 5320
0.00 0.02 0.43 -0.97 9.76 -0.01 0.04 -0.05 5327
-0.00 0.02 0.44 -1.02 9.78 -0.00 0.04 -0.06 5335
-0.00 0.02 0.45 -0.98 9.77 -0.01 0.04 -0.05 5342
0.00 0.00 0.44 -0.97 9.72 -0.01 0.04 -0.06 5349
-0.00 0.01 0.43 -0.99 9.79 -0.01 0.04 -0.05 5356
-0.00 0.02 0.47 -0.99 9.73 -0.01 0.04 -0.05 5363
-0.00 0.02 0.44 -0.98 9.79 -0.00 0.04 -0.05 5370
-0.00 0.02 0.42 -0.99 9.81 -0.00 0.04 -0.05 5378
-0.00 0.01 0.44 -0.99 9.75 -0.01 0.04 -0.05 5385
-0.00 0.00 0.42 -0.98 9.78 -0.01 0.04 -0.05 5392
-0.00 0.01 0.40 -0.98 9.78 -0.01 0.04 -0.05 5399
-0.00 0.02 0.46 -1.01 9.75 -0.01 0.04 -0.05 5406
-0.00 0.02 0.46 -1.01 9.75 -0.01 0.04 -0.05 5413
-0.00 0.01 0.46 -0.96 9.75 -0.01 0.04 -0.06 5421
-0.00 0.01 0.44 -0.99 9.79 -0.01 0.04 -0.05 5428
-0.00 0.01 0.44 -0.98 9.78 -0.00 0.04 -0.06 5435
-0.00 0.01 0.44 -1.01 9.78 -0.01 0.04 -0.06 5442
-0.00 0.03 0.46 -1.02 9.77 -0.00 0.04 -0.05 5449
-0.00 0.01 0.44 -1.00 9.81 -0.00 0.04 -0.05 5456
-0.00 0.01 0.41 -0.96 9.76 -0.01 0.04 -0.05 5464
-0.00 0.01 0.46 -1.01 9.76 -0.00 0.04 -0.05 5471
-0.00 0.01 0.44 -0.99 9.75 -0.01 0.04 -0.05 5478
-0.00 0.02 0.43 -0.98 9.80 -0.00 0.04 -0.06 5485
-0.00 0.02 0.44 -1.00 9.79 -0.01 0.04 -0.06 5492
-0.00 0.01 0.45 -0.98 9.77 -0.00 0.04 -0.05 5499
-0.00 0.02 0.42 -1.00 9.77 -0.01 0.04 -0.06 5507
-0.00 0.00 0.43 -1.00 9.79 -0.00 0.04 -0.05 5514
-0.00 0.00 0.45 -0.98 9.79 -0.01 0.04 -0.05 5521
-0.00 0.01 0.47 -0.99 9.81 -0.01 0.04 -0.06 5528
-0.00 0.02 0.43 -0.98 9.79 -0.01 0.04 -0.06 5535
-0.00 0.01 0.43 -1.00 9.77 -0.01 0.04 -0.05 5542
-0.00 0.01 0.46 -1.01 9.80 -0.01 0.04 -0.05 5550
-0.00 0.00 0.44 -1.02 9.78 -0.00 0.04 -0.06 5557
-0.00 0.01 0.46 -0.99 9.77 -0.00 0.04 -0.05 5564
-0.00 0.01 0.45 -0.97 9.80 -0.01 0.04 -0.05 5571
-0.00 0.01 0.47 -1.00 9.80 -0.00 0.04 -0.05 5578
-0.00 0.01 0.44 -0.99 9.81 -0.00 0.04 -0.05 5585
-0.00 0.01 0.43 -0.95 9.75 -0.01 0.04 -0.05 5593
-0.00 0.01 0.43 -0.98 9.79 -0.01 0.04 -0.05 5600
-0.00 0.01 0.43 -1.00 9.80 -0.01 0.04 -0.05 5607
-0.00 0.02 0.43 -1.01 9.78 -0.01 0.04 -0.06 5614
-0.00 0.01 0.46 -0.98 9.75 -0.01 0.04 -0.05 5621
-0.00 0.01 0.45 -1.00 9.78 -0.00 0.04 -0.05 5628
-0.00 0.01 0.44 -1.00 9.79 -0.00 0.04 -0.05 5636
0.00 0.00 0.48 -0.99 9.73 -0.01 0.04 -0.05 5643
-0.00 0.01 0.44 -1.00 9.79 -0.01 0.04 -0.06 5650
-0.00 0.02 0.43 -0.99 9.78 -0.01 0.04 -0.05 5657
0.00 0.01 0.44 -0.98 9.73 -0.01 0.04 -0.05 5664
-0.00 0.01 0.46 -1.00 9.77 -0.00 0.04 -0.05 5671
-0.00 0.00 0.46 -0.99 9.75 -0.00 0.04 -0.05 5679
-0.00 0.01 0.43 -0.99 9.76 -0.00 0.04 -0.06 5686
-0.00 0.01 0.45 -1.00 9.75 -0.01 0.04 -0.05 5693
-0.00 0.02 0.42 -0.97 9.77 -0.01 0.04 -0.05 5700
-0.00 0.01 0.44 -0.99 9.79 -0.01 0.04 -0.05 5707
-0.00 0.01 0.43 -0.99 9.76 -0.01 0.04 -0.06 5714
0.00 0.00 0.47 -1.03 9.75 -0.01 0.04 -0.05 5722
-0.00 0.01 0.44 -1.01 9.78 -0.00 0.04 -0.05 5729
-0.00 0.01 0.40 -0.97 9.78 -0.00 0.04 -0.05 5736
-0.00 0.02 0.47 -1.00 9.79 -0.01 0.04 -0.06 5743
-0.00 0.01 0.47 -1.01 9.78 -0.01 0.04 -0.05 5750
-0.00 0.01 0.45 -0.98 9.79 -0.01 0.04 -0.05 5757
-0.00 0.01 0.44 -1.00 9.79 -0.01 0.04 -0.06 5765
-0.00 0.02 0.42 -0.98 9.75 -0.00 0.04 -0.05 5772
-0.00 0.02 0.49 -1.00 9.77 -0.01 0.04 -0.05 5779
-0.00 0.01 0.44 -1.00 9.75 -0.01 0.04 -0.06 5786
-0.00 0.01 0.44 -0.94 9.75 -0.01 0.04 -0.05 5793
-0.00 0.01 0.44 -1.01 9.74 -0.01 0.04 -0.06 5800
-0.00 0.00 0.42 -1.00 9.79 -0.01 0.04 -0.06 5808
-0.00 0.01 0.43 -0.98 10.40 -0.01 0.04 -0.05 5815
-0.00 0.02 0.41 -0.96 9.75 -0.01 0.04 -0.05 5822
0.00 0.02 0.42 -1.03 9.79 -0.00 0.04 -0.05 5829
-0.00 0.01 0.45 -0.99 9.77 -0.01 0.04 -0.05 5836
-0.00 0.00 0.45 -1.00 9.75 -0.01 0.04 -0.05 5843
-0.00 0.00 0.44 -0.99 9.77 -0.00 0.05 -0.06 5851
-0.00 0.01 0.44 -0.99 9.80 -0.01 0.04 -0.05 5858
-0.00 0.03 0.43 -1.01 9.79 -0.00 0.04 -0.06 5865
-0.00 0.01 0.46 -0.98 9.79 -0.01 0.04 -0.05 5872
-0.00 0.01 0.45 -0.97 9.77 -0.01 0.04 -0.05 5879
0.00 0.00 0.45 -0.98 9.76 -0.00 0.04 -0.06 5886
-0.00 0.01 0.42 -1.03 9.79 -0.01 0.04 -0.06 5894
-0.00 0.02 0.45 -0.98 9.76 -0.01 0.04 -0.05 5901
-0.00 0.02 0.44 -0.99 9.77 -0.00 0.04 -0.06 5908
-0.00 0.01 0.45 -1.00 9.79 -0.00 0.04 -0.05 5915
-0.00 0.01 0.45 -1.00 9.76 -0.01 0.04 -0.05 5922
0.00 0.00 0.43 -1.00 9.79 -0.00 0.04 -0.05 5929
-0.00 0.01 0.48 -0.98 9.75 -0.01 0.04 -0.06 5936
-0.00 0.01 0.47 -0.98 9.78 -0.01 0.04 -0.05 5943
-0.00 0.02 0.45 -0.96 9.79 -0.01 0.04 -0.05 5950
-0.00 0.01 0.43 -0.98 9.76 -0.01 0.04 -0.05 5957
-0.00 0.01 0.42 -0.99 9.75 -0.01 0.04 -0.05 5964
-0.00 0.00 0.44 -0.99 9.78 -0.01 0.04 -0.05 5971
-0.00 0.01 0.42 -0.96 9.75 -0.01 0.04 -0.06 5979
-0.00 0.02 0.41 -0.97 9.75 -0.00 0.04 -0.06 5986
-0.00 0.01 0.42 -0.99 9.77 -0.01 0.04 -0.06 5993
-0.00 0.01 0.43 -0.97 9.78 -0.00 0.04 -0.06 6000
-0.00 0.01 0.47 -0.99 9.79 -0.01 0.04 -0.06 6007
-0.00 0.01 0.45 -0.98 9.76 -0.01 0.04 -0.05 6014
-0.00 0.01 0.46 -0.97 9.76 -0.01 0.04 -0.05 6022
-0.00 0.02 0.39 -0.98 9.80 -0.01 0.04 -0.05 6029
0.00 0.01 0.41 -0.99 9.79 -0.01 0.04 -0.06 6036
-0.00 0.01 0.47 -1.00 9.78 -0.01 0.04 -0.05 6043
-0.00 0.01 0.46 -0.97 9.80 -0.01 0.04 -0.05 6050
-0.00 0.01 0.46 -0.97 9.75 -0.00 0.04 -0.06 6057
-0.00 0.01 0.47 -1.00 9.79 -0.01 0.04 -0.05 6065
-0.00 0.02 0.45 -0.99 9.77 -0.01 0.04 -0.05 6072
-0.00 0.02 0.42 -0.98 9.77 -0.01 0.04 -0.05 6079
-0.00 0.02 0.46 -1.00 9.79 -0.01 0.04 -0.05 6086
-0.00 0.00 0.43 -0.97 9.76 -0.00 0.04 -0.05 6093
-0.00 0.01 0.40 -0.98 9.77 -0.01 0.04 -0.05 6100
-0.00 0.01 0.43 -0.97 9.79 -0.01 0.04 -0.05 6108
-0.00 0.02 0.46 -0.99 9.79 -0.01 0.04 -0.06 6115
-0.00 0.01 0.44 -1.00 9.75 -0.01 0.04 -0.05 6122
-0.00 0.01 0.45 -0.99 9.77 -0.01 0.04 -0.05 6129
0.00 0.00 0.42 -1.00 9.78 -0.00 0.04 -0.05 6136
-0.00 0.01 0.46 -0.99 9.81 -0.01 0.04 -0.05 6144
-0.00 0.01 0.43 -1.01 9.79 -0.01 0.04 -0.05 6151
-0.00 0.02 0.46 -0.96 9.78 -0.01 0.04 -0.05 6158
-0.00 0.01 0.42 -0.97 9.80 -0.00 0.04 -0.05 6165
-0.00 0.01 0.44 -0.97 9.76 -0.00 0.04 -0.05 6172
-0.00 0.00 0.40 -0.97 9.76 -0.01 0.04 -0.06 6179
-0.00 0.01 0.43 -0.99 9.75 -0.00 0.04 -0.06 6187
-0.00 0.02 0.46 -0.99 9.79 -0.00 0.04 -0.06 6194
-0.00 0.01 0.43 -0.98 9.79 -0.01 0.04 -0.06 6201
-0.00 0.01 0.42 -1.00 9.78 -0.01 0.04 -0.05 6208
-0.00 0.02 0.42 -1.01 9.78 -0.01 0.04 -0.05 6215
-0.00 0.01 0.45 -0.99 9.81 -0.01 0.04 -0.05 6222
-0.00 0.02 0.48 -1.01 9.76 -0.00 0.04 -0.05 6230
-0.00 0.02 0.42 -0.99 9.79 -0.01 0.04 -0.05 6237
-0.00 0.01 0.41 -0.99 9.80 -0.01 0.04 -0.05 6244
-0.00 0.01 0.46 -0.97 9.77 -0.01 0.04 -0.06 6251
-0.00 0.01 0.44 -1.02 9.80 -0.01 0.04 -0.05 6258
-0.00 0.01 0.43 -1.02 9.75 -0.00 0.04 -0.06 6265
-0.00 0.01 0.43 -0.97 9.80 -0.01 0.04 -0.05 6273
-0.00 0.02 0.46 -1.01 9.78 -0.01 0.04 -0.05 6280
-0.00 0.01 0.43 -1.01 9.80 -0.01 0.04 -0.06 6287
-0.00 0.01 0.41 -0.99 9.75 -0.01 0.04 -0.06 6294
-0.00 0.00 0.43 -0.96 9.79 -0.00 0.04 -0.05 6301
-0.00 0.01 0.46 -1.00 9.80 -0.01 0.04 -0.06 6308
-0.00 0.01 0.43 -0.98 9.77 -0.01 0.04 -0.06 6316
0.00 0.02 0.45 -1.00 9.76 -0.01 0.04 -0.05 6323
-0.00 0.01 0.43 -1.01 9.74 -0.01 0.04 -0.05 6330
-0.00 0.01 0.46 -1.00 9.79 -0.01 0.04 -0.05 6337
-0.00 0.00 0.45 -1.00 9.78 -0.01 0.04 -0.06 6344
-0.00 0.01 0.42 -1.01 9.78 -0.00 0.04 -0.05 6351
-0.00 0.01 0.44 -0.99 9.78 -0.01 0.04 -0.05 6359
-0.00 0.02 0.44 -1.00 9.77 -0.00 0.04 -0.06 6366
-0.00 0.01 0.43 -1.01 9.76 -0.00 0.04 -0.05 6373
-0.00 0.01 0.44 -1.01 9.75 -0.00 0.04 -0.05 6380
-0.00 0.00 0.46 -0.97 9.76 -0.00 0.04 -0.05 6387
-0.00 0.01 0.43 -0.96 9.77 -0.01 0.04 -0.05 6394
-0.00 0.02 0.45 -1.02 9.78 -0.00 0.04 -0.06 6402
-0.00 0.01 0.44 -1.03 9.77 -0.01 0.04 -0.05 6409
-0.00 0.01 0.45 -1.01 9.78 -0.00 0.04 -0.06 6416
-0.00 0.01 0.40 -1.00 9.78 -0.00 0.04 -0.05 6423
-0.00 0.00 0.43 -0.98 9.79 -0.00 0.04 -0.05 6430
-0.00 0.01 0.44 -0.97 9.78 -0.00 0.04 -0.06 6437
-0.00 0.02 0.41 -0.99 9.78 -0.01 0.04 -0.05 6445
-0.00 0.01 0.41 -1.00 9.79 -0.01 0.04 -0.05 6452
-0.00 0.01 0.44 -0.98 9.80 -0.01 0.05 -0.05 6459
-0.00 0.00 0.41 -0.98 9.80 -0.00 0.04 -0.05 6466
-0.00 0.01 0.44 -0.99 9.78 -0.00 0.04 -0.05 6473
-0.00 0.01 0.44 -1.00 9.80 -0.01 0.04 -0.05 6480
-0.00 0.02 0.46 -0.99 9.79 -0.01 0.04 -0.05 6488
-0.00 0.01 0.40 -0.99 9.80 -0.00 0.04 -0.05 6495
-0.00 0.01 0.42 -0.99 9.80 -0.01 0.04 -0.06 6502
-0.00 0.00 0.47 -1.00 9.77 -0.01 0.04 -0.05 6509
-0.00 0.01 0.44 -1.02 9.78 -0.00 0.04 -0.05 6516
-0.00 0.01 0.44 -0.98 9.79 -0.01 0.04 -0.05 6523
0.00 0.02 0.45 -0.99 9.81 -0.01 0.04 -0.05 6531
-0.00 0.01 0.43 -1.00 9.80 -0.00 0.04 -0.06 6538
-0.00 0.01 0.45 -0.96 9.78 -0.00 0.04 -0.06 6545
0.00 0.00 0.45 -1.00 9.78 -0.00 0.04 -0.05 6552
0.00 0.00 0.43 -1.01 9.76 -0.00 0.04 -0.05 6558
-0.00 0.01 0.42 -1.00 9.78 -0.01 0.04 -0.05 6565
-0.00 0.01 0.43 -1.02 9.80 -0.01 0.04 -0.06 6573
-0.00 0.01 0.45 -1.02 9.77 -0.01 0.04 -0.05 6580
-0.00 0.01 0.45 -0.97 9.78 -0.01 0.04 -0.05 6587
0.00 0.00 0.45 -0.99 9.78 -0.01 0.04 -0.05 6594
-0.00 0.01 0.44 -0.99 9.78 -0.01 0.04 -0.05 6601
-0.00 0.02 0.43 -0.97 9.78 -0.01 0.04 -0.05 6608
-0.00 0.01 0.42 -1.00 9.77 -0.01 0.04 -0.05 6616
-0.00 0.01 0.44 -1.00 9.78 -0.00 0.04 -0.05 6623
-0.00 0.01 0.44 -0.99 9.78 -0.00 0.04 -0.06 6630
-0.00 0.00 0.43 -0.99 9.78 -0.01 0.04 -0.06 6637
-0.00 0.01 0.47 -1.00 9.76 -0.01 0.04 -0.05 6644
-0.00 0.01 0.45 -0.99 9.79 -0.01 0.04 -0.05 6651
-0.00 0.01 0.46 -0.99 9.79 -0.01 0.04 -0.05 6659
-0.00 0.01 0.44 -1.01 9.80 -0.01 0.04 -0.05 6666
0.00 0.00 0.41 -0.98 9.74 -0.00 0.04 -0.05 6673
-0.00 0.01 0.42 -0.97 9.81 -0.00 0.04 -0.05 6680
-0.00 0.01 0.47 -0.99 9.77 -0.00 0.04 -0.06 6687
-0.00 0.02 0.43 -0.98 9.77 -0.01 0.04 -0.05 6694
-0.00 0.01 0.45 -1.00 10.39 -0.01 0.05 -0.06 6702
-0.00 0.00 0.43 -0.99 9.79 -0.00 0.04 -0.05 6709
0.00 0.00 0.44 -1.02 9.81 -0.00 0.04 -0.06 6716
-0.00 0.01 0.47 -0.97 9.74 -0.01 0.04 -0.05 6723
-0.00 0.01 0.44 -0.97 9.79 -0.01 0.04 -0.05 6730
-0.00 0.01 0.43 -1.00 9.76 -0.00 0.04 -0.05 6737
-0.00 0.01 0.44 -1.00 9.79 -0.01 0.04 -0.06 6745
-0.00 0.01 0.42 -1.00 9.80 -0.00 0.04 -0.06 6752
0.00 0.00 0.46 -1.03 9.77 -0.00 0.04 -0.05 6759
-0.00 0.00 0.47 -0.99 9.77 -0.00 0.04 -0.05 6766
-0.00 0.01 0.45 -1.00 9.81 -0.01 0.04 -0.06 6773
-0.00 0.01 0.46 -0.98 9.79 -0.01 0.04 -0.05 6780
-0.00 0.00 0.44 -0.99 9.74 -0.00 0.04 -0.05 6788
-0.00 0.00 0.41 -1.02 9.80 -0.01 0.04 -0.05 6795
0.00 0.00 0.43 -0.99 9.78 -0.01 0.04 -0.05 6802
-0.00 0.00 0.43 -0.97 9.81 -0.01 0.04 -0.06 6809
-0.00 0.02 0.43 -1.00 9.79 -0.01 0.04 -0.05 6816
-0.00 0.01 0.44 -0.99 9.79 -0.00 0.04 -0.05 6823
-0.00 0.01 0.43 -0.98 9.77 -0.01 0.04 -0.06 6831
0.00 0.00 0.44 -0.99 9.78 -0.01 0.04 -0.06 6838
0.00 0.00 0.44 -0.97 9.76 -0.00 0.04 -0.05 6845
-0.00 0.00 0.42 -1.02 9.77 -0.01 0.04 -0.05 6852
-0.00 0.02 0.45 -0.99 9.76 -0.00 0.04 -0.05 6859
-0.00 0.01 0.46 -0.99 9.79 -0.01 0.04 -0.05 6866
-0.00 0.00 0.45 -0.97 9.78 -0.01 0.04 -0.05 6874
0.00 0.00 0.43 -1.00 9.77 -0.01 0.04 -0.05 6881
-0.00 0.00 0.40 -0.99 9.76 -0.00 0.04 -0.05 6888
-0.00 0.01 0.47 -0.99 9.78 -0.01 0.04 -0.05 6895
-0.00 0.02 0.43 -1.00 9.77 -0.00 0.04 -0.05 6902
-0.00 0.01 0.45 -0.99 9.78 -0.01 0.04 -0.05 6909
-0.00 0.00 0.43 -0.97 9.77 -0.01 0.04 -0.06 6917
0.00 0.00 0.43 -0.98 9.81 -0.00 0.04 -0.05 6924
-0.00 0.00 0.43 -1.02 9.76 -0.00 0.04 -0.05 6931
-0.00 0.01 0.45 -1.04 9.75 -0.00 0.04 -0.05 6938
0.00 0.01 0.46 -1.01 9.78 -0.01 0.04 -0.05 6945
-0.00 0.01 0.46 -0.98 9.77 -0.00 0.04 -0.05 6952
-0.00 0.00 0.46 -0.99 9.78 -0.01 0.04 -0.05 6960
0.00 0.00 0.47 -0.99 9.79 -0.01 0.04 -0.05 6967
0.00 0.00 0.45 -0.99 9.78 -0.01 0.04 -0.05 6974
-0.00 0.01 0.43 -1.00 9.78 -0.00 0.04 -0.05 6981
0.00 0.01 0.41 -1.00 9.76 -0.00 0.04 -0.05 6988
-0.00 0.01 0.45 -0.98 9.76 -0.01 0.04 -0.05 6995
-0.00 0.00 0.47 -1.01 9.78 -0.00 0.04 -0.05 7003
-0.00 0.00 0.47 -1.00 9.79 -0.01 0.04 -0.06 7010
-0.00 0.00 0.42 -0.98 9.78 -0.00 0.04 -0.06 7017
-0.00 0.02 0.44 -0.99 9.78 -0.01 0.04 -0.05 7024
0.00 0.01 0.44 -1.03 9.78 -0.01 0.04 -0.05 7031
-0.00 0.01 0.45 -0.99 9.77 -0.01 0.04 -0.05 7038
-0.00 0.01 0.43 -0.97 9.76 -0.01 0.04 -0.05 7046
0.00 0.00 0.45 -1.01 9.81 -0.00 0.04 -0.05 7053
-0.00 0.00 0.45 -0.96 9.77 -0.01 0.05 -0.05 7060
-0.00 0.02 0.43 -1.01 9.79 -0.00 0.04 -0.06 7067
-0.00 0.01 0.42 -0.99 9.76 -0.01 0.04 -0.05 7074
-0.00 0.00 0.47 -1.01 9.78 -0.01 0.04 -0.05 7081
-0.00 0.00 0.44 -1.01 9.77 -0.00 0.04 -0.05 7089
-0.00 0.01 0.43 -0.98 9.78 -0.01 0.04 -0.05 7096
-0.00 0.00 0.43 -1.00 9.77 -0.00 0.04 -0.05 7103
-0.00 0.01 0.45 -0.98 9.78 -0.01 0.04 -0.05 7110
-0.00 0.00 0.44 -0.99 9.74 -0.01 0.04 -0.05 7117
-0.00 0.00 0.45 -0.99 9.79 -0.00 0.04 -0.05 7124
0.00 0.00 0.43 -0.97 9.75 -0.00 0.04 -0.05 7132
-0.00 0.01 0.45 -0.98 9.79 -0.01 0.04 -0.05 7139
-0.00 0.01 0.43 -0.98 9.75 -0.01 0.04 -0.06 7146
-0.00 0.01 0.42 -0.96 9.78 -0.00 0.04 -0.05 7153
-0.00 0.00 0.44 -0.99 9.75 -0.00 0.04 -0.05 7160
-0.00 0.00 0.40 -1.00 9.79 -0.01 0.04 -0.05 7168
